{
  "advancedEditorSelectedIdentifier" : "ProjectBrowser",
  "openSceneRelativePaths" : [
    "Scene.usda",
    "PixelGirlCatPose.usda",
    "PixelGirlStaticPose.usda",
    "PixelGirlCutePose.usda"
  ],
  "recentIdentifiers" : {
    "1D572CEB-057A-41C3-B575-04C37501A3C0" : [

    ],
    "56FF43A2-39CC-4B01-AAAB-7AE7CC3D16E4" : [

    ],
    "D66134B1-3681-4A8E-AFE5-29F257229F3B" : [

    ]
  },
  "sceneCameraHistory" : {
    "1D572CEB-057A-41C3-B575-04C37501A3C0" : [
      {
        "date" : 755789924.379239,
        "title" : "Untitled",
        "transform" : [
          -0.6353823,
          -2.8761178e-08,
          0.7721977,
          0,
          0.7717274,
          0.03489957,
          0.6349953,
          0,
          -0.02694937,
          0.99939084,
          -0.022174578,
          0,
          1.0869416,
          2.9151742,
          0.95466894,
          1
        ]
      },
      {
        "date" : 755772039.368774,
        "title" : "Untitled",
        "transform" : [
          -0.6353823,
          -2.8761178e-08,
          0.7721977,
          0,
          0.7717274,
          0.03489957,
          0.6349953,
          0,
          -0.02694937,
          0.99939084,
          -0.022174578,
          0,
          1.0869416,
          2.9151742,
          0.95466894,
          1
        ]
      },
      {
        "date" : 755772031.251711,
        "title" : "Untitled",
        "transform" : [
          1,
          0,
          0,
          0,
          0,
          0.7071069,
          -0.7071067,
          0,
          0,
          0.7071067,
          0.7071069,
          0,
          -5.4313416,
          18.475899,
          -14.112164,
          1
        ]
      },
      {
        "date" : 755772028.110759,
        "title" : "Untitled",
        "transform" : [
          1,
          0,
          -0,
          0,
          -0,
          0.7071069,
          -0.7071067,
          0,
          0,
          0.7071067,
          0.7071069,
          0,
          -0.4999999,
          1.700859,
          -1.2991409,
          1
        ]
      }
    ],
    "27E3DA29-0A3F-487F-B886-ACBFEABC8217" : [
      {
        "date" : 756469564.785791,
        "title" : "Untitled",
        "transform" : [
          0.99860173,
          -9.744984e-09,
          -0.052865606,
          0,
          -0.0059521226,
          0.99364156,
          -0.11243223,
          0,
          0.05252952,
          0.11258965,
          0.9922522,
          0,
          0.0076802843,
          0.0135294655,
          0.080940165,
          1
        ]
      },
      {
        "date" : 756469528.176917,
        "title" : "Untitled",
        "transform" : [
          0.61441886,
          -6.855391e-10,
          -0.78897995,
          0,
          -0.21551329,
          0.9619702,
          -0.16783111,
          0,
          0.7589753,
          0.27315435,
          0.5910526,
          0,
          1.9545947,
          0.7034564,
          1.5221419,
          1
        ]
      },
      {
        "date" : 756469520.101713,
        "title" : "Untitled",
        "transform" : [
          1,
          0,
          0,
          0,
          0,
          0.7071069,
          -0.70710677,
          0,
          0,
          0.70710677,
          0.7071069,
          0,
          0,
          1.8210174,
          1.8210176,
          1
        ]
      }
    ],
    "56FF43A2-39CC-4B01-AAAB-7AE7CC3D16E4" : [
      {
        "date" : 756469240.725807,
        "title" : "Untitled",
        "transform" : [
          0.9945878,
          3.968146e-09,
          -0.10390028,
          0,
          -0.017482983,
          0.9857415,
          -0.1673565,
          0,
          0.10241877,
          0.16826712,
          0.98040634,
          0,
          -0.19580562,
          1.1889079,
          2.7098498,
          1
        ]
      },
      {
        "date" : 756469228.797718,
        "title" : "Untitled",
        "transform" : [
          0.9945879,
          3.9681463e-09,
          -0.1039003,
          0,
          -0.017482983,
          0.9857415,
          -0.1673565,
          0,
          0.10241877,
          0.16826712,
          0.98040634,
          0,
          -0.021012142,
          0.12758318,
          0.29079735,
          1
        ]
      },
      {
        "date" : 756464770.615933,
        "title" : "Untitled",
        "transform" : [
          0.99338394,
          3.9087524e-09,
          -0.11484105,
          0,
          -0.027518814,
          0.9708653,
          -0.23804013,
          0,
          0.111495145,
          0.23962544,
          0.964442,
          0,
          -0.0141302785,
          0.18168834,
          0.27869293,
          1
        ]
      },
      {
        "date" : 756464766.876992,
        "title" : "Untitled",
        "transform" : [
          0.95270663,
          3.8565506e-09,
          -0.3038918,
          0,
          -0.008374454,
          0.9996202,
          -0.026254172,
          0,
          0.30377632,
          0.027557377,
          0.9523448,
          0,
          0.044448968,
          0.12079189,
          0.29085684,
          1
        ]
      },
      {
        "date" : 756464760.672889,
        "title" : "Untitled",
        "transform" : [
          0.8970844,
          3.2634782e-09,
          -0.44185936,
          0,
          -0.046318233,
          0.9944907,
          -0.0940376,
          0,
          0.4394249,
          0.10482572,
          0.89214194,
          0,
          0.29451072,
          0.284929,
          0.85368085,
          1
        ]
      },
      {
        "date" : 756462966.827145,
        "title" : "Untitled",
        "transform" : [
          0.8970844,
          3.2634782e-09,
          -0.44185936,
          0,
          -0.046318233,
          0.9944907,
          -0.0940376,
          0,
          0.4394249,
          0.10482572,
          0.89214194,
          0,
          1.1220529,
          1.0895113,
          2.2241416,
          1
        ]
      },
      {
        "date" : 756389862.44323,
        "title" : "Untitled",
        "transform" : [
          0.9964785,
          -1.8924498e-09,
          -0.083849624,
          0,
          0.017528884,
          0.9779047,
          0.20831524,
          0,
          0.08199693,
          -0.20905147,
          0.9744609,
          0,
          0.0288416,
          0.030200168,
          0.3100701,
          1
        ]
      }
    ],
    "B9951896-9231-4552-92D6-AA55817DEE76" : [
      {
        "date" : 756469643.418928,
        "title" : "Untitled",
        "transform" : [
          0.9998102,
          2.4719802e-09,
          -0.019480465,
          0,
          -0.00033482665,
          0.9998523,
          -0.01718452,
          0,
          0.019477557,
          0.017187739,
          0.99966246,
          0,
          -0.002857465,
          0.0027943978,
          0.088370405,
          1
        ]
      },
      {
        "date" : 756469640.709795,
        "title" : "Untitled",
        "transform" : [
          0.9991592,
          2.49498e-09,
          -0.04099581,
          0,
          -0.0022775352,
          0.99845564,
          -0.05550859,
          0,
          0.04093247,
          0.055555247,
          0.9976162,
          0,
          0.0006306934,
          0.0090322215,
          0.088037714,
          1
        ]
      },
      {
        "date" : 756469612.656486,
        "title" : "Untitled",
        "transform" : [
          -0.96504986,
          2.6743496e-09,
          -0.26206648,
          0,
          -0.037329406,
          0.9898031,
          0.13746406,
          0,
          0.25939438,
          0.14244246,
          -0.9552092,
          0,
          0.21421182,
          1.3731205,
          -2.6312053,
          1
        ]
      },
      {
        "date" : 756469607.175169,
        "title" : "Untitled",
        "transform" : [
          -0.7864946,
          2.5006472e-09,
          -0.6175972,
          0,
          -0.21974534,
          0.9345595,
          0.27984017,
          0,
          0.5771815,
          0.35580692,
          -0.7350259,
          0,
          1.4927644,
          0.9202234,
          -1.9009978,
          1
        ]
      }
    ],
    "C0BC16EE-72A3-4541-8C9A-3AB5DDF1E4C7" : [
      {
        "date" : 756469667.362937,
        "title" : "Untitled",
        "transform" : [
          0.9996886,
          1.7440932e-09,
          -0.024956344,
          0,
          0.0016104412,
          0.99791574,
          0.0645103,
          0,
          0.02490433,
          -0.06453044,
          0.997605,
          0,
          0.00092142797,
          0.0075320355,
          0.06857016,
          1
        ]
      }
    ],
    "D66134B1-3681-4A8E-AFE5-29F257229F3B" : [
      {
        "date" : 756477694.956417,
        "title" : "Untitled",
        "transform" : [
          0.99997497,
          -8.676792e-09,
          -0.0070854076,
          0,
          -0.0022268847,
          0.94932616,
          -0.314285,
          0,
          0.006726365,
          0.31429288,
          0.9493023,
          0,
          0.00037770788,
          0.13809407,
          0.022242334,
          1
        ]
      },
      {
        "date" : 756470997.271093,
        "title" : "Untitled",
        "transform" : [
          0.9999749,
          -8.806423e-09,
          -0.007085408,
          0,
          -0.002226882,
          0.94932604,
          -0.314285,
          0,
          0.0067263497,
          0.31429285,
          0.9493022,
          0,
          -0.0006967345,
          0.12838069,
          0.07918949,
          1
        ]
      },
      {
        "date" : 756470993.524716,
        "title" : "Untitled",
        "transform" : [
          0.99228597,
          -8.817206e-09,
          -0.12397004,
          0,
          -0.034459963,
          0.9605897,
          -0.27582592,
          0,
          0.11908434,
          0.27797017,
          0.9531798,
          0,
          0.008562387,
          0.12536979,
          0.078681454,
          1
        ]
      },
      {
        "date" : 756470983.187915,
        "title" : "Untitled",
        "transform" : [
          0.9911474,
          -8.816295e-09,
          -0.13276605,
          0,
          -0.036920466,
          0.960556,
          -0.27562493,
          0,
          0.12752923,
          0.2780867,
          0.95205265,
          0,
          0.009259944,
          0.12537938,
          0.078602746,
          1
        ]
      },
      {
        "date" : 756470940.688334,
        "title" : "Untitled",
        "transform" : [
          0.99679416,
          -1.0785686e-08,
          0.08000846,
          0,
          0.014561809,
          0.9832979,
          -0.18141975,
          0,
          -0.078672156,
          0.18200321,
          0.98014563,
          0,
          -0.007533019,
          0.11758839,
          0.078130014,
          1
        ]
      },
      {
        "date" : 756470939.321786,
        "title" : "Untitled",
        "transform" : [
          0.99679416,
          -1.0785686e-08,
          0.08000846,
          0,
          0.014561809,
          0.9832979,
          -0.18141975,
          0,
          -0.078672156,
          0.18200321,
          0.98014563,
          0,
          -0.007873007,
          0.11711396,
          0.081656255,
          1
        ]
      },
      {
        "date" : 756470917.357,
        "title" : "Untitled",
        "transform" : [
          0.99679416,
          -1.0785686e-08,
          0.08000846,
          0,
          0.014561809,
          0.9832979,
          -0.18141975,
          0,
          -0.078672156,
          0.18200321,
          0.98014563,
          0,
          -0.009207472,
          0.115251824,
          0.095496885,
          1
        ]
      },
      {
        "date" : 756470831.639367,
        "title" : "Untitled",
        "transform" : [
          0.99679416,
          -1.11491225e-08,
          0.08000846,
          0,
          0.014561806,
          0.98329794,
          -0.18141976,
          0,
          -0.07867224,
          0.18200326,
          0.9801456,
          0,
          0.0014829673,
          0.1305601,
          0.02869385,
          1
        ]
      },
      {
        "date" : 756470622.640113,
        "title" : "Untitled",
        "transform" : [
          0.99679416,
          -1.11491225e-08,
          0.08000846,
          0,
          0.014561806,
          0.98329794,
          -0.18141976,
          0,
          -0.07867224,
          0.18200326,
          0.9801456,
          0,
          -0.0038864512,
          0.13629209,
          0.09629311,
          1
        ]
      },
      {
        "date" : 756470619.08574,
        "title" : "Untitled",
        "transform" : [
          0.9649985,
          -1.0179086e-08,
          -0.26225588,
          0,
          -0.0066469177,
          0.9996788,
          -0.024458066,
          0,
          0.2621715,
          0.025345238,
          0.96468836,
          0,
          0.028918613,
          0.12108666,
          0.09180403,
          1
        ]
      }
    ],
    "F1E6179C-6459-4997-9FE1-C1B428CC70DE" : [
      {
        "date" : 756479564.220569,
        "title" : "Untitled",
        "transform" : [
          0.9982077,
          3.1592364e-09,
          -0.059845075,
          0,
          -0.019526849,
          0.94526976,
          -0.32570508,
          0,
          0.05656978,
          0.3262899,
          0.94357556,
          0,
          -0.00033258533,
          0.033768833,
          0.083014905,
          1
        ]
      },
      {
        "date" : 756469675.525798,
        "title" : "Untitled",
        "transform" : [
          0.99940884,
          -2.322619e-09,
          0.034378324,
          0,
          0.009279472,
          0.96288216,
          -0.26976267,
          0,
          -0.0331023,
          0.2699222,
          0.96231306,
          0,
          -0.008208573,
          0.028819587,
          0.08446284,
          1
        ]
      },
      {
        "date" : 756469422.89357,
        "title" : "Untitled",
        "transform" : [
          0.99754655,
          -2.6493092e-09,
          0.07000609,
          0,
          0.009503551,
          0.99074274,
          -0.13542014,
          0,
          -0.06935805,
          0.13575321,
          0.988312,
          0,
          -0.01143635,
          0.016970413,
          0.08725328,
          1
        ]
      },
      {
        "date" : 756469403.26027,
        "title" : "Untitled",
        "transform" : [
          0.9344323,
          -2.533361e-09,
          0.35614067,
          0,
          0.042969912,
          0.9926946,
          -0.1127433,
          0,
          -0.35353893,
          0.12065431,
          0.9276058,
          0,
          -0.03632424,
          0.015631165,
          0.08042472,
          1
        ]
      },
      {
        "date" : 756469399.858642,
        "title" : "Untitled",
        "transform" : [
          0.9960647,
          -1.4574816e-09,
          -0.08862833,
          0,
          0.0044170436,
          0.99875736,
          0.049641687,
          0,
          0.088518195,
          -0.0498378,
          0.9948269,
          0,
          0.0026497915,
          0.0004306659,
          0.08958076,
          1
        ]
      },
      {
        "date" : 756469390.462261,
        "title" : "Untitled",
        "transform" : [
          0.9960647,
          -1.4094983e-09,
          -0.08862833,
          0,
          0.0044170544,
          0.99875736,
          0.049641684,
          0,
          0.08851818,
          -0.04983784,
          0.99482703,
          0,
          0.018840853,
          0.0736327,
          0.14275801,
          1
        ]
      },
      {
        "date" : 756469386.197697,
        "title" : "Untitled",
        "transform" : [
          0.99550474,
          -5.564984e-09,
          0.094711855,
          0,
          0.045985024,
          0.8742226,
          -0.4833429,
          0,
          -0.08279924,
          0.48552543,
          0.87029266,
          0,
          -0.0018026829,
          0.13913298,
          0.08378029,
          1
        ]
      },
      {
        "date" : 756469380.278494,
        "title" : "Untitled",
        "transform" : [
          0.99550474,
          -3.7023389e-09,
          0.094711855,
          0,
          0.04598502,
          0.8742226,
          -0.4833429,
          0,
          -0.08279924,
          0.48552543,
          0.87029266,
          0,
          -0.7770661,
          6.0018167,
          8.523091,
          1
        ]
      },
      {
        "date" : 756469331.826801,
        "title" : "Untitled",
        "transform" : [
          0.99550474,
          -3.7023389e-09,
          0.094711855,
          0,
          0.04598502,
          0.8742226,
          -0.4833429,
          0,
          -0.08279924,
          0.48552543,
          0.87029266,
          0,
          -0.50991726,
          4.2392592,
          5.6144104,
          1
        ]
      },
      {
        "date" : 756469329.745324,
        "title" : "Untitled",
        "transform" : [
          0.99550474,
          -3.7023389e-09,
          0.094711855,
          0,
          0.04598502,
          0.8742226,
          -0.4833429,
          0,
          -0.08279924,
          0.48552543,
          0.87029266,
          0,
          -0.49101254,
          4.124811,
          5.4151354,
          1
        ]
      }
    ]
  },
  "sceneViewportBackgroundColors" : {

  },
  "selectedSceneRelativePath" : "PixelGirlCatPose.usda"
}