{
  "advancedEditorSelectedIdentifier" : "ProjectBrowser",
  "openSceneRelativePaths" : [
    "Scene.usda",
    "PixelGirlScene.usda"
  ],
  "recentIdentifiers" : {
    "1D572CEB-057A-41C3-B575-04C37501A3C0" : [

    ],
    "D66134B1-3681-4A8E-AFE5-29F257229F3B" : [

    ]
  },
  "sceneCameraHistory" : {
    "1D572CEB-057A-41C3-B575-04C37501A3C0" : [
      {
        "date" : 755789924.379239,
        "title" : "Untitled",
        "transform" : [
          -0.6353823,
          -2.8761178e-08,
          0.7721977,
          0,
          0.7717274,
          0.03489957,
          0.6349953,
          0,
          -0.02694937,
          0.99939084,
          -0.022174578,
          0,
          1.0869416,
          2.9151742,
          0.95466894,
          1
        ]
      },
      {
        "date" : 755772039.368774,
        "title" : "Untitled",
        "transform" : [
          -0.6353823,
          -2.8761178e-08,
          0.7721977,
          0,
          0.7717274,
          0.03489957,
          0.6349953,
          0,
          -0.02694937,
          0.99939084,
          -0.022174578,
          0,
          1.0869416,
          2.9151742,
          0.95466894,
          1
        ]
      },
      {
        "date" : 755772031.251711,
        "title" : "Untitled",
        "transform" : [
          1,
          0,
          0,
          0,
          0,
          0.7071069,
          -0.7071067,
          0,
          0,
          0.7071067,
          0.7071069,
          0,
          -5.4313416,
          18.475899,
          -14.112164,
          1
        ]
      },
      {
        "date" : 755772028.110759,
        "title" : "Untitled",
        "transform" : [
          1,
          0,
          -0,
          0,
          -0,
          0.7071069,
          -0.7071067,
          0,
          0,
          0.7071067,
          0.7071069,
          0,
          -0.4999999,
          1.700859,
          -1.2991409,
          1
        ]
      }
    ],
    "D66134B1-3681-4A8E-AFE5-29F257229F3B" : [
      {
        "date" : 756371787.983403,
        "title" : "Untitled",
        "transform" : [
          0.9973497,
          -1.73551e-08,
          0.07275712,
          0,
          -0.0012382407,
          0.99985516,
          0.016974691,
          0,
          -0.07274661,
          -0.017019935,
          0.99720514,
          0,
          0.009149979,
          0.12370579,
          0.16457522,
          1
        ]
      },
      {
        "date" : 756371765.932265,
        "title" : "Untitled",
        "transform" : [
          0.99217373,
          -1.4133208e-08,
          -0.12486527,
          0,
          -0.029317345,
          0.9720456,
          -0.23295486,
          0,
          0.12137469,
          0.23479222,
          0.96443796,
          0,
          0.039634056,
          0.16370538,
          0.14595023,
          1
        ]
      },
      {
        "date" : 756371759.414836,
        "title" : "Untitled",
        "transform" : [
          0.9593164,
          -1.6734562e-08,
          0.28233334,
          0,
          -0.040669393,
          0.98957074,
          0.1381873,
          0,
          -0.27938884,
          -0.14404778,
          0.9493113,
          0,
          -0.026748145,
          0.10264079,
          0.16561872,
          1
        ]
      },
      {
        "date" : 756371729.99678,
        "title" : "Untitled",
        "transform" : [
          0.9989435,
          -1.7211796e-08,
          -0.045955162,
          0,
          0.003148911,
          0.9976498,
          0.06844745,
          0,
          0.045847114,
          -0.06851997,
          0.9965957,
          0,
          0.028659737,
          0.11523721,
          0.16384906,
          1
        ]
      },
      {
        "date" : 756371448.2826,
        "title" : "Untitled",
        "transform" : [
          0.98479736,
          -1.700068e-08,
          0.17370723,
          0,
          0.0670744,
          0.9224426,
          -0.3802641,
          0,
          -0.16023499,
          0.3861343,
          0.9084191,
          0,
          -0.0028723641,
          0.18654567,
          0.13775158,
          1
        ]
      },
      {
        "date" : 756371375.959078,
        "title" : "Untitled",
        "transform" : [
          0.99222225,
          -1.45318975e-08,
          0.124479115,
          0,
          0.02381857,
          0.98152286,
          -0.18985702,
          0,
          -0.12217915,
          0.1913452,
          0.97388875,
          0,
          0.0019045713,
          0.15697464,
          0.15432298,
          1
        ]
      },
      {
        "date" : 756371367.324191,
        "title" : "Untitled",
        "transform" : [
          0.989836,
          -1.44620005e-08,
          -0.14221378,
          0,
          -0.023900785,
          0.9857763,
          -0.16635476,
          0,
          0.1401909,
          0.1680629,
          0.9757568,
          0,
          0.042847045,
          0.1533377,
          0.14985752,
          1
        ]
      },
      {
        "date" : 756371070.024838,
        "title" : "Untitled",
        "transform" : [
          0.9970682,
          -1.449245e-08,
          0.07651776,
          0,
          0.013291735,
          0.9847974,
          -0.17319751,
          0,
          -0.075354554,
          0.17370673,
          0.98191017,
          0,
          0.009249376,
          0.15422124,
          0.15522528,
          1
        ]
      },
      {
        "date" : 756291652.093096,
        "title" : "Untitled",
        "transform" : [
          0.96181023,
          -1.45701105e-08,
          0.27371764,
          0,
          0.026450679,
          0.99531996,
          -0.09294414,
          0,
          -0.27243665,
          0.096634574,
          0.9573087,
          0,
          -0.020022122,
          0.12565675,
          0.16084208,
          1
        ]
      },
      {
        "date" : 756291648.412471,
        "title" : "Untitled",
        "transform" : [
          0.9985872,
          -1.531518e-08,
          0.05313926,
          0,
          0.010898339,
          0.97874343,
          -0.20479892,
          0,
          -0.052009735,
          0.20508863,
          0.9773605,
          0,
          0.016479794,
          0.1429896,
          0.15640646,
          1
        ]
      }
    ]
  },
  "sceneViewportBackgroundColors" : {

  },
  "selectedSceneRelativePath" : "PixelGirlScene.usda"
}