{
  "advancedEditorSelectedIdentifier" : "BehaviorsPluginID",
  "openSceneRelativePaths" : [
    "Scene.usda",
    "PixelGirlScene.usda"
  ],
  "recentIdentifiers" : {
    "1D572CEB-057A-41C3-B575-04C37501A3C0" : [

    ],
    "D66134B1-3681-4A8E-AFE5-29F257229F3B" : [

    ]
  },
  "sceneCameraHistory" : {
    "1D572CEB-057A-41C3-B575-04C37501A3C0" : [
      {
        "date" : 755789924.379239,
        "title" : "Untitled",
        "transform" : [
          -0.6353823,
          -2.8761178e-08,
          0.7721977,
          0,
          0.7717274,
          0.03489957,
          0.6349953,
          0,
          -0.02694937,
          0.99939084,
          -0.022174578,
          0,
          1.0869416,
          2.9151742,
          0.95466894,
          1
        ]
      },
      {
        "date" : 755772039.368774,
        "title" : "Untitled",
        "transform" : [
          -0.6353823,
          -2.8761178e-08,
          0.7721977,
          0,
          0.7717274,
          0.03489957,
          0.6349953,
          0,
          -0.02694937,
          0.99939084,
          -0.022174578,
          0,
          1.0869416,
          2.9151742,
          0.95466894,
          1
        ]
      },
      {
        "date" : 755772031.251711,
        "title" : "Untitled",
        "transform" : [
          1,
          0,
          0,
          0,
          0,
          0.7071069,
          -0.7071067,
          0,
          0,
          0.7071067,
          0.7071069,
          0,
          -5.4313416,
          18.475899,
          -14.112164,
          1
        ]
      },
      {
        "date" : 755772028.110759,
        "title" : "Untitled",
        "transform" : [
          1,
          0,
          -0,
          0,
          -0,
          0.7071069,
          -0.7071067,
          0,
          0,
          0.7071067,
          0.7071069,
          0,
          -0.4999999,
          1.700859,
          -1.2991409,
          1
        ]
      }
    ],
    "56FF43A2-39CC-4B01-AAAB-7AE7CC3D16E4" : [
      {
        "date" : 756389862.44323,
        "title" : "Untitled",
        "transform" : [
          0.9964785,
          -1.8924498e-09,
          -0.083849624,
          0,
          0.017528884,
          0.9779047,
          0.20831524,
          0,
          0.08199693,
          -0.20905147,
          0.9744609,
          0,
          0.0288416,
          0.030200168,
          0.3100701,
          1
        ]
      }
    ],
    "D66134B1-3681-4A8E-AFE5-29F257229F3B" : [
      {
        "date" : 756396099.259984,
        "title" : "Untitled",
        "transform" : [
          0.9966528,
          -1.723074e-08,
          0.08175102,
          0,
          0.009916987,
          0.99261516,
          -0.120900296,
          0,
          -0.08114734,
          0.121306196,
          0.9892927,
          0,
          0.009093168,
          0.13064058,
          0.14811051,
          1
        ]
      },
      {
        "date" : 756395715.90305,
        "title" : "Untitled",
        "transform" : [
          0.9966528,
          -1.723074e-08,
          0.08175102,
          0,
          0.009916987,
          0.99261516,
          -0.120900296,
          0,
          -0.08114734,
          0.121306196,
          0.9892927,
          0,
          0.0035836727,
          0.13887665,
          0.2152787,
          1
        ]
      },
      {
        "date" : 756395710.503383,
        "title" : "Untitled",
        "transform" : [
          0.9966528,
          -1.723074e-08,
          0.08175102,
          0,
          0.009916987,
          0.99261516,
          -0.120900296,
          0,
          -0.08114734,
          0.121306196,
          0.9892927,
          0,
          0.0022261962,
          0.12681141,
          0.1283409,
          1
        ]
      },
      {
        "date" : 756395559.022226,
        "title" : "Untitled",
        "transform" : [
          0.9966528,
          -1.723074e-08,
          0.08175102,
          0,
          0.009916987,
          0.99261516,
          -0.120900296,
          0,
          -0.08114734,
          0.121306196,
          0.9892927,
          0,
          0.019351989,
          0.10099516,
          0.13291122,
          1
        ]
      },
      {
        "date" : 756395557.467773,
        "title" : "Untitled",
        "transform" : [
          0.9966528,
          -1.723074e-08,
          0.08175102,
          0,
          0.009916987,
          0.99261516,
          -0.120900296,
          0,
          -0.08114734,
          0.121306196,
          0.9892927,
          0,
          0.020695858,
          0.0954852,
          0.13369708,
          1
        ]
      },
      {
        "date" : 756395551.702288,
        "title" : "Untitled",
        "transform" : [
          0.9966528,
          -1.723074e-08,
          0.08175102,
          0,
          0.009916987,
          0.99261516,
          -0.120900296,
          0,
          -0.08114734,
          0.121306196,
          0.9892927,
          0,
          0.006454997,
          0.09653118,
          0.19031143,
          1
        ]
      },
      {
        "date" : 756395549.668893,
        "title" : "Untitled",
        "transform" : [
          0.9966528,
          -1.723074e-08,
          0.08175102,
          0,
          0.009916987,
          0.99261516,
          -0.120900296,
          0,
          -0.08114734,
          0.121306196,
          0.9892927,
          0,
          0.0054323976,
          0.023151014,
          0.19922537,
          1
        ]
      },
      {
        "date" : 756395544.352259,
        "title" : "Untitled",
        "transform" : [
          0.9966528,
          -1.723074e-08,
          0.08175102,
          0,
          0.009916987,
          0.99261516,
          -0.120900296,
          0,
          -0.08114734,
          0.121306196,
          0.9892927,
          0,
          0.0042997124,
          0.037089407,
          0.15768576,
          1
        ]
      },
      {
        "date" : 756395125.270739,
        "title" : "Untitled",
        "transform" : [
          0.9966528,
          -1.723074e-08,
          0.08175102,
          0,
          0.009916987,
          0.99261516,
          -0.120900296,
          0,
          -0.08114734,
          0.121306196,
          0.9892927,
          0,
          0.008679252,
          0.14578332,
          0.15208368,
          1
        ]
      },
      {
        "date" : 756371787.983403,
        "title" : "Untitled",
        "transform" : [
          0.9973497,
          -1.73551e-08,
          0.07275712,
          0,
          -0.0012382407,
          0.99985516,
          0.016974691,
          0,
          -0.07274661,
          -0.017019935,
          0.99720514,
          0,
          0.009149979,
          0.12370579,
          0.16457522,
          1
        ]
      }
    ]
  },
  "sceneViewportBackgroundColors" : {

  },
  "selectedSceneRelativePath" : "Scene.usda"
}