{
  "advancedEditorSelectedIdentifier" : "ProjectBrowser",
  "openSceneRelativePaths" : [
    "Scene.usda"
  ],
  "recentIdentifiers" : {
    "1D572CEB-057A-41C3-B575-04C37501A3C0" : [

    ],
    "D66134B1-3681-4A8E-AFE5-29F257229F3B" : [

    ]
  },
  "sceneCameraHistory" : {
    "1D572CEB-057A-41C3-B575-04C37501A3C0" : [
      {
        "date" : 755789924.379239,
        "title" : "Untitled",
        "transform" : [
          -0.6353823,
          -2.8761178e-08,
          0.7721977,
          0,
          0.7717274,
          0.03489957,
          0.6349953,
          0,
          -0.02694937,
          0.99939084,
          -0.022174578,
          0,
          1.0869416,
          2.9151742,
          0.95466894,
          1
        ]
      },
      {
        "date" : 755772039.368774,
        "title" : "Untitled",
        "transform" : [
          -0.6353823,
          -2.8761178e-08,
          0.7721977,
          0,
          0.7717274,
          0.03489957,
          0.6349953,
          0,
          -0.02694937,
          0.99939084,
          -0.022174578,
          0,
          1.0869416,
          2.9151742,
          0.95466894,
          1
        ]
      },
      {
        "date" : 755772031.251711,
        "title" : "Untitled",
        "transform" : [
          1,
          0,
          0,
          0,
          0,
          0.7071069,
          -0.7071067,
          0,
          0,
          0.7071067,
          0.7071069,
          0,
          -5.4313416,
          18.475899,
          -14.112164,
          1
        ]
      },
      {
        "date" : 755772028.110759,
        "title" : "Untitled",
        "transform" : [
          1,
          0,
          -0,
          0,
          -0,
          0.7071069,
          -0.7071067,
          0,
          0,
          0.7071067,
          0.7071069,
          0,
          -0.4999999,
          1.700859,
          -1.2991409,
          1
        ]
      }
    ],
    "D66134B1-3681-4A8E-AFE5-29F257229F3B" : [
      {
        "date" : 756286701.483329,
        "title" : "Untitled",
        "transform" : [
          0.97191966,
          6.087925e-09,
          0.2353129,
          0,
          0.027006906,
          0.99339205,
          -0.11154743,
          0,
          -0.23375796,
          0.11477021,
          0.96549726,
          0,
          -0.00665389,
          0.13979462,
          0.13147783,
          1
        ]
      },
      {
        "date" : 756286697.905335,
        "title" : "Untitled",
        "transform" : [
          0.9719197,
          8.026289e-09,
          0.2353129,
          0,
          0.02700691,
          0.99339205,
          -0.11154745,
          0,
          -0.23375799,
          0.11477012,
          0.9654973,
          0,
          0.1463632,
          0.056976635,
          -0.5470785,
          1
        ]
      },
      {
        "date" : 756286692.785199,
        "title" : "Untitled",
        "transform" : [
          0.9719197,
          8.026289e-09,
          0.2353129,
          0,
          0.02700691,
          0.99339205,
          -0.11154745,
          0,
          -0.23375799,
          0.11477012,
          0.9654973,
          0,
          0.016725635,
          0.1206259,
          -0.0116327,
          1
        ]
      },
      {
        "date" : 756286657.201529,
        "title" : "Untitled",
        "transform" : [
          0.9453735,
          7.2898914e-09,
          0.32598925,
          0,
          0.07921115,
          0.97002953,
          -0.2297135,
          0,
          -0.31621924,
          0.24298695,
          0.91704017,
          0,
          0.011729169,
          0.19183722,
          0.15015319,
          1
        ]
      },
      {
        "date" : 756286637.385416,
        "title" : "Untitled",
        "transform" : [
          0.99932075,
          6.9672597e-09,
          0.036850862,
          0,
          -0.0001868689,
          0.9999871,
          0.0050673047,
          0,
          -0.036850426,
          -0.0050708386,
          0.999308,
          0,
          0.015986567,
          0.16331519,
          0.06315945,
          1
        ]
      },
      {
        "date" : 756286628.920631,
        "title" : "Untitled",
        "transform" : [
          0.9690641,
          5.8042935e-09,
          -0.24680895,
          0,
          -0.09880996,
          0.91636235,
          -0.38796476,
          0,
          0.22616641,
          0.4003499,
          0.88801396,
          0,
          0.014601671,
          0.17528479,
          0.053852834,
          1
        ]
      },
      {
        "date" : 756286621.321145,
        "title" : "Untitled",
        "transform" : [
          0.9994221,
          5.9474585e-09,
          -0.03399256,
          0,
          -0.008398045,
          0.9690014,
          -0.24691254,
          0,
          0.032938812,
          0.24705528,
          0.96844137,
          0,
          0.0027537835,
          0.16621423,
          0.055706225,
          1
        ]
      },
      {
        "date" : 756286617.404971,
        "title" : "Untitled",
        "transform" : [
          0.9994221,
          5.9474585e-09,
          -0.03399256,
          0,
          -0.008398045,
          0.9690014,
          -0.24691254,
          0,
          0.032938812,
          0.24705528,
          0.96844137,
          0,
          0.0046364237,
          0.1336251,
          0.21408537,
          1
        ]
      },
      {
        "date" : 756286613.769639,
        "title" : "Untitled",
        "transform" : [
          0.99793386,
          6.322307e-09,
          -0.064248875,
          0,
          -0.0058810776,
          0.9958018,
          -0.09134672,
          0,
          0.06397912,
          0.091535814,
          0.9937444,
          0,
          0.012298145,
          0.09827599,
          0.23216437,
          1
        ]
      },
      {
        "date" : 756286611.544903,
        "title" : "Untitled",
        "transform" : [
          0.99793386,
          6.322307e-09,
          -0.064248875,
          0,
          -0.0058810776,
          0.9958018,
          -0.09134672,
          0,
          0.06397912,
          0.091535814,
          0.9937444,
          0,
          0.003664526,
          0.029283678,
          0.06917893,
          1
        ]
      }
    ]
  },
  "sceneViewportBackgroundColors" : {

  },
  "selectedSceneRelativePath" : "Scene.usda"
}